17 58
70 82
10 27
6 75
33 47
62 92
10 63
51 64
39 99
43 60
13 65
4 96
51 100
32 96
17 53
9 76
40 54
29 63
42 82
10 22
10 31
81 82
2 27
20 81
12 77
31 90
22 32
3 28
43 64
4 82
13 78
35 87
76 88
65 97
17 66
58 67
58 76
25 42
23 72
31 85
4 77
4 86
35 82
57 79
16 87
49 84
15 91
6 33
69 71
15 100
50 76
58 98
19 79
8 79
42 90
31 53
42 99
31 62
20 71
3 9
32 54
1 48
87 88
43 63
23 94
87 97
34 91
13 68
45 100
36 42
9 25
76 78
88 89
76 96
49 79
15 86
26 86
6 37
50 89
27 87
30 83
83 86
19 83
39 61
91 99
20 57
11 97
41 98
13 27
32 49
35 54
4 85
53 99
35 63
46 78
18 77
26 90
7 95
19 78
20 43
91 94
8 87
83 90
4 44
22 51
13 22
16 27
13 49
4 80
45 81
53 94
16 54
1 65
65 68
3 84
45 99
56 99
57 73
26 67
38 69
6 18
49 87
42 48
18 90
19 64
39 51
8 82
12 52
1 15
33 84
33 93
34 85
22 83
9 10
38 55
7 67
8 41
26 89
79 92
11 37
50 56
48 86
7 94
27 72
60 69
6 98
41 83
1 19
45 53
1 46
53 84
46 54
49 50
7 44
37 94
15 66
18 62
8 36
71 83
82 92
60 64
20 37
60 91
4 47
34 48
37 44
45 57
34 57
45 66
16 30
2 95
37 71
15 61
67 99
18 57
19 22
30 40
8 40
29 72
30 49
20 23
60 77
44 60
12 37
10 67
1 9
2 63
10 85
33 87
22 50
25 83
10 94
44 96
2 90
13 96
14 73
59 72
7 34
38 49
55 83
28 93
5 100
63 69
71 82
82 91
81 95
54 96
25 69
10 80
45 47
34 56
22 72
14 68
55 69
67 71
24 100
35 100
13 100
8 12
17 79
70 94
17 97
48 84
41 45
33 59
22 31
14 27
32 81
14 45
14 63
26 37
70 71
26 46
5 72
28 74
36 87
8 16
19 25
92 95
48 70
40 75
33 36
25 41
22 26
43 76
13 72
14 49
36 46
66 96
67 70
15 32
40 43
6 41
48 56
28 87
6 50
5 85
29 61
50 93
40 70
42 98
62 76
32 83
73 94
54 90
32 53
43 71
4 98
15 18
35 85
17 46
1 92
46 91
47 68
6 27
5 80
28 82
92 94
27 86
42 93
39 69
2 29
39 78
73 80
10 42
31 74
54 76
54 85
31 83
2 47
4 75
84 95
43 66
3 30
14 30
32 66
32 84
16 76
24 89
1 96
76 99
9 46
38 91
49 91
15 98
6 40
40 42
40 51
77 100
42 79
11 82
30 95
2 24
20 60
20 69
3 7
54 89
20 96
43 70
43 79
45 98
17 36
76 85
36 58
65 94
46 90
69 82
27 94
8 90
42 92
31 73
35 43
16 57
34 93
37 89
28 31
9 27
5 38
46 76
9 36
38 72
65 98
68 94
6 30
42 51
77 81
27 62
58 68
18 93
42 60
30 76
27 89
83 88
8 94
20 59
72 78
4 60
51 55
1 45
56 79
34 97
15 65
15 74
6 16
26 83
98 99
15 92
50 77
10 13
12 32
19 80
39 58
39 67
52 95
72 73
16 20
43 46
53 78
4 73
34 74
64 87
57 66
14 95
37 97
68 84
15 78
49 80
7 74
30 39
8 48
90 99
61 63
18 92
12 27
41 81
52 90
53 55
1 17
56 78
34 78
3 72
38 57
7 51
15 64
59 98
8 34
30 52
63 86
11 48
40 93
75 78
60 89
10 79
75 96
13 23
34 55
53 77
14 76
57 65
59 93
79 80
71 76
19 56
30 56
20 21
11 52
40 97
41 62
4 22
52 71
52 80
52 89
34 50
22 57
2 88
15 27
26 27
14 71
86 96
47 86
15 63
26 63
48 69
8 33
48 87
19 51
82 89
63 94
60 70
33 53
6 99
33 62
1 2
74 90
25 85
10 96
56 63
38 42
7 36
59 74
97 100
28 86
9 82
6 67
48 91
12 16
4 12
6 94
33 57
73 93
52 70
45 49
37 45
66 90
14 52
3 52
43 97
66 99
32 97
16 89
59 78
17 90
21 51
11 28
6 62
21 69
33 34
81 83
4 7
41 56
44 52
52 65
25 57
20 91
34 35
3 29
2 73
74 89
3 47
66 94
