47 62
59 64
67 77
70 82
47 89
48 63
80 95
40 59
69 95
29 59
10 36
6 84
39 81
10 63
12 91
66 80
43 78
51 91
66 89
1 81
47 48
1 90
13 92
17 53
36 66
5 60
17 71
6 34
21 32
48 58
80 99
61 95
21 68
10 40
33 42
25 38
10 49
44 51
39 94
31 90
22 32
87 98
16 56
24 69
1 67
35 78
28 39
7 16
55 65
35 96
24 96
29 31
17 75
69 76
69 85
6 65
10 35
33 37
31 67
43 50
4 68
51 63
14 32
32 77
16 69
46 88
38 84
9 48
15 91
49 93
77 84
61 67
58 89
42 72
10 12
31 53
11 84
54 64
31 62
10 39
14 18
1 48
43 63
35 59
13 59
35 68
13 68
9 25
49 97
7 91
80 84
30 65
39 43
30 74
20 48
2 21
4 49
31 75
12 71
72 85
4 67
72 94
34 77
23 89
34 86
22 93
17 24
68 69
9 29
15 72
57 87
38 83
6 23
42 53
58 79
8 87
2 16
19 96
31 61
41 93
44 98
24 40
25 94
64 85
64 94
37 77
35 58
5 17
1 65
37 86
57 64
68 73
27 41
6 18
18 81
15 94
7 99
48 100
42 66
42 75
52 88
41 88
41 97
33 93
44 93
5 12
78 100
18 76
42 52
40 91
30 68
20 33
29 100
21 96
4 25
33 70
23 47
12 56
16 17
53 66
56 80
45 80
65 67
9 14
57 63
3 92
15 57
18 71
8 54
23 42
33 74
10 72
4 38
56 57
64 70
45 66
64 79
46 49
22 91
26 52
49 54
70 86
47 93
7 57
41 46
12 28
34 43
53 65
10 94
3 73
55 92
47 88
19 26
48 71
11 49
33 46
81 95
21 90
62 100
52 77
33 73
44 73
25 69
14 41
3 50
32 95
13 100
7 38
36 74
59 76
89 98
28 88
29 53
19 30
17 97
29 62
40 89
41 54
33 50
39 93
73 95
20 98
3 27
54 100
10 84
43 81
51 94
35 95
47 87
9 70
29 57
48 70
9 88
5 99
40 66
21 62
21 71
6 91
54 77
39 88
62 90
54 86
51 62
20 93
51 71
2 66
3 31
22 44
13 81
55 59
35 99
28 60
29 43
9 74
21 39
9 92
40 70
6 77
25 27
54 72
20 79
31 88
14 17
51 66
13 58
43 71
35 85
1 92
76 95
9 42
17 55
59 70
21 25
69 92
10 33
54 67
20 83
20 92
14 21
24 62
7 9
17 41
6 22
49 91
50 65
61 65
77 91
42 70
21 47
11 82
8 95
11 91
72 88
84 90
16 53
17 18
24 66
4 97
1 73
65 85
17 45
38 77
28 54
46 99
6 26
7 89
42 65
50 78
21 42
19 72
31 55
62 70
31 64
54 75
43 47
72 83
3 11
72 92
1 59
35 61
34 93
6 30
26 97
50 73
30 67
11 63
39 45
8 76
2 5
8 85
2 14
27 98
11 81
20 68
31 68
11 99
52 100
16 25
23 73
35 47
87 94
64 92
34 88
45 88
38 58
3 100
57 80
76 93
9 40
5 51
58 63
42 46
50 59
79 95
69 72
71 91
8 53
71 100
19 71
39 49
2 9
60 81
30 89
52 86
23 50
66 94
1 22
4 55
12 68
64 69
64 78
35 42
4 73
56 74
1 58
37 79
46 57
65 70
17 30
57 84
7 65
26 87
71 86
30 57
8 66
11 80
52 81
60 94
4 41
75 92
44 95
56 69
22 85
45 96
37 92
79 85
42 45
48 88
82 99
11 57
31 35
60 80
41 76
33 72
75 87
41 94
13 23
75 96
4 54
64 68
56 64
85 100
16 28
56 73
49 52
70 84
14 94
78 97
59 93
36 100
7 64
79 89
11 34
8 47
63 81
52 53
20 30
6 95
11 61
31 39
4 22
75 82
25 63
60 93
10 74
34 41
41 89
2 70
10 83
44 94
37 55
34 68
45 68
45 77
22 84
38 47
86 96
8 15
27 28
36 95
47 95
17 91
11 29
6 72
11 47
44 53
33 53
60 79
34 36
33 80
74 81
85 90
2 83
15 31
14 75
47 99
9 82
9 91
71 75
63 71
29 69
33 39
21 83
21 92
25 71
14 34
32 79
66 90
22 65
14 61
16 89
7 31
70 78
67 91
5 79
28 81
92 93
11 28
40 64
52 56
25 39
33 52
10 59
62 97
22 24
2 64
34 44
43 83
24 79
3 56
