59 64
47 62
17 76
5 83
77 99
40 59
29 68
21 64
41 42
10 36
81 96
39 90
51 64
23 100
13 92
7 21
59 68
28 71
6 61
42 82
50 95
8 98
44 51
25 47
84 93
74 79
51 86
16 74
76 88
47 52
16 83
47 61
5 55
77 80
58 85
27 88
42 86
2 13
10 26
30 93
2 22
39 89
54 87
22 27
24 46
32 59
1 53
4 95
28 34
88 94
57 88
5 59
6 24
9 66
21 31
18 96
50 76
2 8
42 99
20 62
12 58
23 67
14 18
16 37
12 85
35 50
1 48
12 94
23 94
53 95
43 72
35 59
35 68
65 96
49 79
17 56
26 86
49 97
18 91
8 74
8 83
54 59
20 57
2 30
11 97
12 62
52 98
12 71
34 77
24 63
22 93
28 33
9 29
65 91
68 87
57 87
68 96
38 92
61 75
11 65
8 78
75 86
54 63
4 44
11 92
75 95
23 57
94 99
23 66
64 67
16 27
53 76
1 38
4 71
24 49
45 81
37 77
45 90
46 55
34 90
26 67
15 85
7 81
8 46
30 46
19 55
63 89
48 100
39 42
30 73
31 38
19 82
31 47
12 43
1 24
16 31
13 44
24 44
64 80
1 42
87 91
3 70
22 83
46 50
3 79
86 95
38 55
49 55
46 68
26 62
18 67
26 80
79 92
30 50
27 63
40 91
8 68
11 64
40 100
52 74
12 38
83 89
52 83
44 79
52 92
33 88
25 84
44 97
33 97
22 69
53 84
67 86
46 63
67 95
70 91
18 53
26 75
71 83
6 93
40 95
4 20
52 78
44 74
45 48
24 25
2 86
78 81
38 45
14 96
89 99
7 57
17 98
63 65
18 75
63 74
82 87
63 83
29 81
12 19
33 69
10 76
2 81
37 48
66 93
2 99
18 25
26 38
67 76
59 72
3 82
67 94
27 30
17 93
8 35
30 35
40 85
4 10
52 68
73 100
22 45
2 76
14 41
7 29
78 80
18 47
8 12
48 57
8 21
8 30
9 84
28 97
17 97
92 100
52 63
33 68
74 78
37 38
85 87
51 94
66 92
15 19
55 64
55 73
16 91
78 84
70 80
7 42
17 74
48 52
40 48
77 97
17 92
5 90
63 68
62 72
21 80
44 45
33 54
10 52
2 48
39 97
22 26
3 22
10 70
74 82
13 72
14 49
13 81
96 97
65 100
59 75
55 86
6 41
6 59
29 61
69 97
50 93
21 66
27 100
41 44
3 17
31 97
23 93
43 89
55 63
59 61
76 95
55 72
17 55
36 68
9 51
68 100
29 38
58 74
29 47
58 92
50 97
8 91
73 80
31 74
43 48
4 75
32 66
4 93
43 75
1 78
13 89
28 50
5 66
49 100
50 65
6 49
21 47
31 60
10 37
39 82
3 7
23 74
72 88
51 74
13 57
32 70
1 64
13 66
5 61
26 93
58 73
77 86
58 82
69 91
27 94
8 90
39 68
11 86
39 77
54 75
2 37
31 73
24 43
24 52
43 65
24 70
37 98
76 80
46 76
17 49
58 59
69 86
30 67
91 92
11 81
8 94
83 97
20 68
4 51
35 38
84 98
34 88
65 66
28 44
15 74
68 98
27 57
71 91
8 53
27 66
71 100
39 40
27 84
11 67
19 80
11 76
41 86
34 65
1 40
45 74
56 92
45 92
34 92
9 17
17 30
76 79
26 69
57 84
27 43
8 39
82 86
27 61
20 31
39 44
23 36
60 94
4 41
24 28
10 93
56 69
22 67
1 44
37 74
38 39
15 46
56 96
57 61
49 57
27 29
8 25
15 73
27 38
7 69
71 81
19 43
11 39
82 99
21 89
23 31
52 76
12 49
1 12
44 81
53 77
56 73
3 67
34 82
22 89
78 88
9 16
67 88
26 59
67 97
49 61
15 59
28 96
8 38
82 94
21 84
6 95
52 62
33 85
44 85
25 81
1 25
2 97
3 62
14 71
5 13
86 96
18 50
8 15
7 59
59 97
48 60
7 68
8 33
5 98
29 65
28 100
11 38
41 48
33 53
33 71
1 20
2 83
74 99
37 68
26 31
3 75
78 87
55 94
59 92
36 90
48 55
9 91
41 52
29 96
44 66
1 6
44 75
3 34
14 52
7 13
43 97
15 26
35 93
59 60
16 89
1 100
18 31
15 44
78 91
89 91
17 72
47 85
58 100
6 71
41 56
44 52
41 65
25 66
43 74
14 47
