1 86
7 35
29 32
36 80
17 76
21 55
40 77
41 51
25 34
10 45
33 47
39 81
25 43
62 92
20 86
43 69
22 46
13 83
35 83
96 99
59 68
5 69
40 45
9 76
21 41
6 70
44 51
73 96
12 77
54 92
20 99
3 28
32 64
51 86
1 85
13 87
1 94
36 61
5 64
50 81
27 97
54 69
10 44
2 40
23 72
24 46
84 97
23 90
51 72
1 53
43 68
1 71
65 92
76 92
57 97
50 67
6 42
80 89
50 85
19 88
42 90
30 88
30 97
39 75
54 82
43 54
12 85
53 86
1 66
35 77
76 96
68 92
58 66
77 79
50 62
15 95
58 84
69 84
8 65
19 65
80 93
19 83
31 48
27 96
2 21
20 75
32 49
72 94
4 76
24 63
13 63
34 95
57 69
9 29
49 65
28 42
58 70
61 75
42 80
23 66
43 44
12 75
53 76
64 76
34 72
56 72
53 85
24 49
45 72
22 88
46 55
56 90
14 84
65 68
16 54
34 99
37 95
15 76
15 85
49 87
90 97
18 90
63 98
30 82
39 60
4 39
12 52
23 61
53 62
44 93
4 57
53 71
37 72
16 49
5 12
78 100
18 58
71 79
48 95
11 55
30 68
29 100
39 46
12 38
24 79
83 89
31 51
1 10
45 53
44 97
2 100
34 80
3 74
5 16
14 92
30 36
18 80
11 41
29 86
63 88
6 93
21 91
4 20
12 33
34 66
64 79
3 60
67 72
15 43
59 77
70 86
49 63
7 66
18 75
48 76
40 72
63 92
40 90
44 60
52 73
2 81
14 46
3 55
34 70
37 66
18 25
15 38
18 43
47 88
59 99
30 35
71 82
48 80
29 85
41 50
29 94
6 92
81 95
1 4
10 80
45 56
66 97
14 68
7 29
16 96
47 83
47 92
18 56
17 88
29 53
11 17
48 66
40 53
71 77
52 54
21 85
52 72
25 64
74 78
51 76
66 74
34 51
2 80
37 47
32 90
24 86
32 99
67 75
16 91
17 65
28 74
59 89
8 16
61 98
41 49
33 45
81 94
20 84
2 57
2 66
13 81
96 97
17 51
24 99
77 83
80 88
80 97
61 93
50 93
10 29
6 77
21 75
62 76
33 40
10 47
25 45
20 88
84 100
36 41
16 72
55 63
88 97
36 59
9 42
17 55
9 51
6 27
9 69
21 34
5 80
77 96
50 79
6 54
50 97
42 93
19 100
25 31
39 78
12 70
73 98
2 56
20 92
43 66
3 30
35 62
13 62
17 32
47 54
17 50
17 59
21 29
21 38
50 74
61 83
42 79
2 6
27 90
39 64
2 24
2 42
39 91
3 16
72 97
43 79
45 98
36 40
1 91
9 41
49 77
57 90
57 99
49 95
9 59
50 60
7 89
77 86
27 67
69 91
11 77
19 90
2 28
23 60
54 75
32 38
84 85
4 65
84 94
32 56
43 56
64 88
45 84
24 61
35 61
22 100
17 31
28 49
17 49
5 47
46 85
68 85
38 81
76 98
21 28
50 73
42 78
91 92
60 95
39 72
41 91
11 90
4 60
72 96
1 54
87 94
45 97
17 26
6 7
18 79
30 62
82 100
42 64
23 32
2 9
31 54
33 91
64 69
44 100
53 78
56 74
87 89
46 66
15 60
5 37
15 78
19 48
8 48
8 66
12 27
2 4
31 40
31 49
11 80
53 55
56 60
22 67
64 91
56 87
45 96
37 92
38 57
49 66
26 64
7 60
70 98
15 73
30 34
79 85
18 78
90 94
42 54
27 65
40 84
12 13
19 61
71 99
82 99
40 93
20 35
6 100
11 75
33 72
75 87
60 98
33 81
44 81
45 64
34 64
14 67
67 79
67 88
38 61
7 55
49 70
7 64
79 80
18 82
82 85
11 43
63 81
41 53
60 66
29 97
44 67
44 76
10 83
2 79
34 59
22 66
45 68
14 71
15 45
70 79
15 54
67 92
7 68
30 42
29 74
52 57
6 99
60 79
62 98
37 41
51 88
85 90
74 99
43 93
22 70
37 68
15 31
67 78
86 91
59 83
15 58
89 96
47 90
70 92
8 19
11 24
48 73
11 33
6 85
6 94
44 66
10 64
25 62
44 75
14 43
85 94
2 87
37 54
13 84
66 99
18 31
26 44
70 87
19 23
11 19
9 86
40 64
21 60
4 7
33 43
44 52
39 95
2 55
14 20
51 69
43 83
13 79
43 92
