15 21
24 97
7 26
5 65
9 81
21 46
5 92
62 74
3 15
31 95
32 60
12 91
51 73
24 65
36 48
35 92
18 21
47 66
77 85
17 80
6 43
40 54
21 50
69 99
10 31
25 38
20 81
31 81
54 92
12 86
1 67
35 69
16 65
43 91
7 16
55 65
47 61
36 70
5 64
77 80
38 98
6 47
69 85
58 85
21 54
19 84
31 76
73 91
31 85
3 14
4 86
1 62
32 77
17 34
35 82
1 89
28 52
9 48
5 59
58 62
5 68
26 100
21 31
69 80
30 79
19 79
61 94
39 57
50 94
39 66
19 97
8 97
73 77
13 32
32 45
4 72
14 18
51 67
43 63
12 94
1 57
64 95
87 97
45 91
34 91
56 100
28 47
6 19
29 30
49 97
61 71
50 80
20 39
2 3
13 27
20 75
35 36
23 80
1 43
4 76
13 54
56 86
17 24
16 68
5 31
37 100
46 87
46 96
7 77
26 90
79 93
58 79
8 60
42 71
30 78
23 39
20 52
23 48
31 61
52 93
12 66
24 31
37 77
56 90
49 51
86 100
37 95
28 37
5 44
68 82
57 91
18 72
6 18
42 48
15 94
48 100
12 43
60 92
75 90
23 61
13 26
34 58
24 44
35 44
45 76
16 40
45 85
5 12
14 79
34 94
37 99
67 100
89 100
42 43
27 54
79 92
60 69
6 98
29 100
11 64
20 42
52 74
75 76
31 51
13 21
25 93
56 71
37 76
22 87
3 83
26 48
14 92
3 92
29 77
19 63
41 69
1 5
72 74
22 55
1 32
64 79
46 58
7 39
3 87
70 95
11 18
48 76
30 58
71 96
63 92
41 55
20 32
31 32
6 97
21 95
41 73
23 37
10 67
2 72
2 81
64 65
37 57
7 25
18 25
3 73
7 34
70 81
67 94
27 30
7 61
28 93
12 14
3 32
45 47
22 54
34 56
3 59
66 97
24 91
18 38
78 89
9 75
19 30
5 95
63 82
41 45
41 54
21 85
81 99
52 63
44 59
74 78
34 51
14 45
66 92
3 54
24 95
16 100
70 89
17 83
5 90
10 34
21 80
33 54
20 93
51 71
14 40
43 76
66 78
16 77
55 68
28 51
65 100
59 66
47 82
28 78
21 39
17 87
58 88
11 16
48 65
69 97
61 93
27 100
6 77
62 76
39 74
44 49
31 79
54 81
39 92
20 88
95 100
22 39
51 84
32 89
24 85
1 83
46 91
49 96
9 60
80 83
2 20
73 80
20 83
54 94
32 57
66 68
4 84
13 62
16 67
36 45
65 81
9 73
6 49
27 81
6 58
58 96
19 86
8 86
20 60
62 75
20 69
54 89
84 90
14 16
35 48
72 97
16 44
95 99
64 93
17 18
47 49
9 32
5 43
47 58
28 63
26 93
15 93
80 82
61 87
30 81
42 92
2 28
12 60
43 47
84 85
84 94
45 84
53 97
16 57
17 31
65 80
49 81
58 77
19 58
18 93
8 67
19 85
54 61
39 72
20 68
11 99
32 42
12 73
56 79
34 88
9 13
38 58
65 84
76 84
9 40
68 89
15 83
58 63
50 59
18 97
30 62
42 64
20 36
8 80
12 50
23 50
41 95
52 95
13 33
16 29
16 38
1 49
64 96
22 90
46 57
9 17
22 99
38 53
28 30
46 75
57 84
18 65
38 80
6 20
26 87
18 83
82 86
7 83
27 61
11 62
40 98
19 75
4 23
41 72
41 81
1 8
31 58
4 41
12 54
13 19
33 95
72 86
14 90
9 21
89 93
5 32
18 51
57 70
26 64
15 64
27 38
19 34
18 87
71 90
27 65
63 95
30 70
6 100
41 67
31 44
4 27
75 87
25 68
34 46
44 90
4 54
34 55
25 86
1 39
25 95
9 16
3 94
15 59
59 93
18 64
8 29
48 74
79 98
8 56
52 53
20 30
12 26
60 75
33 67
10 65
25 72
44 85
93 99
85 95
37 55
56 68
37 64
7 32
3 80
38 56
49 56
55 90
11 20
8 33
48 69
17 100
28 100
48 78
33 53
4 17
41 75
1 2
22 34
52 84
74 81
3 39
45 63
43 93
86 91
17 77
70 92
36 90
59 92
28 86
27 32
9 82
8 28
48 73
9 100
29 87
40 87
41 61
45 49
3 43
51 92
3 52
66 99
96 100
59 60
15 44
36 76
70 87
11 28
33 34
40 82
41 47
25 30
24 79
