35 88
16 84
36 71
28 67
47 80
18 44
28 76
9 72
77 90
48 54
5 83
28 85
28 94
58 95
10 27
6 75
73 74
81 87
10 45
10 54
51 91
43 87
32 87
35 83
15 25
88 95
16 88
57 98
47 75
40 45
77 94
28 89
50 86
29 63
69 99
50 95
6 70
21 68
31 90
4 100
66 84
43 82
43 91
1 85
47 52
76 97
28 57
69 76
50 81
69 94
92 96
21 54
10 17
8 93
25 33
10 44
11 98
2 40
3 5
73 91
51 72
65 74
16 69
36 56
58 62
9 57
6 42
19 79
2 17
2 35
3 18
72 90
23 85
1 48
72 99
87 97
17 38
47 51
9 52
15 86
7 91
27 69
8 74
10 16
12 44
20 66
11 97
84 96
1 61
56 95
17 24
65 73
17 33
9 29
5 40
9 47
15 81
46 96
58 61
27 73
42 71
10 11
31 43
27 91
30 87
83 90
19 87
12 57
12 66
53 76
1 56
26 85
50 52
8 46
42 48
79 97
7 90
63 89
7 99
19 64
48 100
39 42
23 25
30 73
2 11
75 81
60 92
20 56
11 87
12 52
24 26
72 75
37 63
22 74
1 51
16 49
53 98
14 88
37 90
37 99
15 62
3 97
8 32
30 41
8 41
48 86
48 95
19 59
11 55
20 33
33 79
3 65
3 74
38 41
56 89
67 86
9 14
26 57
57 72
7 53
27 31
18 71
19 36
8 36
27 58
29 77
19 63
21 82
6 93
41 60
11 68
52 69
12 33
23 42
33 74
34 39
41 87
44 74
13 16
37 44
16 21
56 57
53 70
3 60
34 75
26 43
55 97
47 93
90 91
27 53
19 49
8 49
71 87
40 81
41 46
63 83
29 81
63 92
60 77
25 56
33 69
25 74
34 52
37 48
3 46
25 92
66 93
14 55
22 77
18 34
86 98
47 97
18 61
17 93
11 22
48 80
21 63
40 85
21 81
44 46
40 94
33 64
44 73
34 38
2 67
25 78
25 87
37 52
32 95
3 59
13 100
17 70
28 79
17 79
59 94
8 21
8 30
63 82
6 78
4 5
29 89
81 90
44 59
25 55
20 98
74 78
14 45
3 45
32 81
37 56
13 95
5 72
29 39
5 81
5 90
29 57
29 75
81 94
62 90
54 95
14 31
23 98
66 78
32 85
1 88
7 19
26 32
35 99
65 100
5 76
47 91
29 52
50 84
40 61
61 93
29 70
39 74
39 92
12 84
14 26
51 93
35 76
13 76
7 14
5 53
17 55
68 100
58 74
43 57
24 53
4 84
35 62
66 77
55 58
46 86
68 86
36 63
9 64
15 98
49 100
9 73
5 84
80 96
42 79
2 6
2 15
62 66
10 37
32 34
23 74
35 39
24 39
84 90
51 65
95 99
16 80
46 81
6 8
5 52
6 17
57 99
5 61
21 33
30 72
10 14
2 10
20 55
83 93
2 37
32 38
13 34
84 85
4 74
24 52
53 88
17 22
65 71
28 31
5 38
88 91
26 79
57 94
27 62
69 77
19 67
94 97
33 96
16 25
53 74
23 82
5 24
3 91
49 67
68 80
15 74
5 51
26 92
21 23
18 88
71 91
8 53
42 64
20 27
82 100
11 67
23 32
30 80
20 45
39 58
75 79
11 85
41 86
13 15
75 88
4 46
60 99
16 20
24 33
13 33
1 40
72 91
64 87
24 51
22 81
53 96
5 28
76 79
37 97
19 39
8 48
71 95
2 4
4 23
41 72
20 49
31 58
52 99
34 60
13 37
16 33
34 78
16 42
49 57
67 93
55 100
7 60
15 73
27 56
48 88
42 54
20 35
41 85
60 98
44 81
4 45
37 51
10 97
22 71
64 86
38 43
3 85
59 84
70 84
8 38
27 51
30 47
40 79
29 79
63 90
20 30
29 97
63 99
60 75
4 22
10 65
52 89
33 94
56 68
25 99
32 98
86 87
14 80
3 89
55 90
19 24
27 37
8 33
17 100
63 67
41 48
4 17
6 99
12 30
41 66
25 49
44 62
33 71
4 35
2 65
74 81
51 88
3 48
34 63
70 74
18 36
36 72
48 73
40 78
29 78
10 46
25 44
44 57
39 100
25 62
66 72
14 34
15 35
55 71
67 73
16 98
70 78
78 91
55 89
17 72
47 94
11 19
92 93
40 55
11 28
21 60
6 71
40 73
25 30
62 79
41 56
21 87
3 20
22 33
66 76
43 92
