55 57
13 97
8 9
47 89
48 63
21 46
5 92
9 90
10 36
33 38
63 79
73 96
35 48
18 70
42 76
56 67
41 71
26 31
46 61
57 89
33 84
2 49
34 37
19 47
16 29
28 90
64 81
59 88
14 74
39 65
32 68
10 22
53 69
4 87
60 93
27 40
23 77
7 25
24 45
19 62
15 35
3 11
50 91
44 72
38 99
61 75
9 80
67 78
12 66
6 94
49 85
20 98
1 52
30 82
70 83
11 17
58 95
29 36
8 43
37 86
2 42
5 56
18 32
31 84
13 26
22 41
28 54
12 20
47 53
24 60
39 77
6 40
34 45
50 92
44 64
3 68
33 73
27 90
9 48
38 58
4 25
21 79
15 91
29 52
2 69
62 83
11 51
36 78
1 99
18 87
22 72
55 71
37 59
53 89
19 88
7 61
17 30
49 66
35 96
65 74
43 97
6 63
1 85
42 75
3 20
54 81
10 86
13 60
57 80
23 98
31 70
26 45
41 46
24 67
16 28
25 99
62 73
34 56
4 12
8 77
15 32
39 66
48 79
18 82
2 44
21 58
50 61
40 87
22 54
7 90
6 36
30 64
27 37
11 84
49 88
42 89
5 92
29 53
67 78
35 55
43 63
1 41
33 83
9 13
60 74
65 95
3 31
17 25
12 86
44 72
26 71
20 97
53 76
45 75
24 57
4 14
39 87
10 68
18 38
34 46
48 70
32 64
21 92
22 28
50 62
16 90
15 93
9 58
8 98
1 27
55 59
20 30
13 73
7 29
6 61
12 19
37 84
42 54
36 63
18 41
2 74
38 88
14 46
48 76
44 81
32 77
15 70
35 82
9 43
13 79
50 91
11 52
20 86
12 45
30 53
40 84
16 99
19 36
5 87
62 67
23 97
1 95
60 68
47 98
2 83
31 92
7 57
64 74
34 85
9 29
15 69
41 81
49 72
25 55
4 6
13 40
8 87
33 56
30 54
3 48
10 90
31 46
21 68
16 25
18 44
2 76
42 59
36 58
19 53
39 57
50 77
62 80
15 34
24 32
35 91
1 97
33 74
5 48
13 42
9 40
8 92
10 78
4 12
7 18
43 84
31 55
6 87
16 49
27 61
29 71
22 81
30 83
32 68
11 56
18 54
50 88
3 45
19 62
25 85
36 65
28 73
42 75
1 53
20 77
5 46
14 91
26 76
24 48
38 60
2 15
35 57
33 61
23 67
12 86
31 99
9 92
6 10
11 84
16 47
45 78
4 56
29 74
32 93
20 88
13 55
37 40
27 87
38 97
17 72
46 75
34 99
62 73
50 82
49 95
3 41
30 52
39 64
44 55
29 40
36 47
8 61
15 78
32 91
26 88
11 68
13 76
12 62
25 90
39 48
23 87
21 81
14 35
50 99
9 54
20 89
18 85
45 56
1 96
2 53
4 34
6 60
24 63
19 31
30 98
33 70
7 46
17 75
38 95
22 74
16 69
28 72
48 71
41 73
5 92
42 84
3 97
49 78
27 79
37 80
40 82
31 93
10 87
44 77
29 86
36 50
8 83
15 67
32 94
26 99
11 66
13 70
12 95
25 68
39 45
23 43
21 58
14 72
50 57
9 81
20 98
18 75
45 84
1 56
2 78
4 60
6 68
24 75
19 87
30 96
33 76
7 50
17 55
38 85
22 95
16 70
28 93
48 80
41 64
5 45
42 58
3 71
49 74
27 92
37 57
40 78
31 67
10 85
44 92
29 77
36 89
8 98
15 90
32 86
26 63
11 80
13 93
12 76
25 83
39 62
23 55
21 97
14 64
50 82
9 71
20 88
18 90
45 94
1 74
2 89
4 77
6 93
24 58
19 75
30 67
33 79
7 74
17 80
38 64
22 97
16 57
28 80
48 45
41 67
5 58
42 74
3 90
49 96
27 86
37 92
40 55
31 89
10 80
44 74
29 99
36 97
8 72
15 64
32 80
26 88
11 67
13 92
12 99
25 71
39 83
23 64
21 88
14 95
50 85
9 92
20 76
18 97
45 83
1 87
2 96
4 84
6 88
24 99
19 57
30 86
33 80
7 78
17 88
38 99
22 85
16 97
28 76
48 64
41 96
5 57
42 85
3 84
49 97
27 55
37 88
40 95
31 83
10 76
44 58
29 64
36 84
8 85
15 86
32 99
26 95
11 84
13 57
12 71
25 83
39 64
23 99
21 57
14 88
50 57
9 88
20 55
18 80
45 86
1 74
2 97
4 99
6 67
24 55
19 88
30 90
33 92
7 96
17 58
38 64
22 55
16 86
28 58
48 76
41 64
5 84
42 99
3 55
49 64
27 85
37 57
40 58
31 55
10 84
44 97
29 55
36 58
8 84
