55 57
16 93
29 32
40 41
48 54
40 59
92 97
6 57
40 68
6 66
62 74
6 84
39 99
51 73
22 46
4 96
66 80
36 48
43 96
59 68
6 34
9 67
5 78
40 54
5 96
50 95
44 51
25 47
39 94
23 77
20 90
23 86
20 99
12 95
24 60
43 73
4 100
16 65
24 78
1 85
76 88
88 90
69 76
9 71
5 82
21 45
61 81
58 94
6 56
2 13
39 62
11 89
62 73
3 14
13 46
43 59
35 64
32 77
65 74
36 47
65 83
36 65
58 62
15 91
6 33
26 100
42 63
10 12
58 98
8 88
31 53
54 55
11 84
10 30
42 99
31 62
12 67
13 41
47 51
38 70
65 87
6 10
49 88
77 79
21 26
8 74
61 89
11 70
42 85
10 25
4 67
4 76
56 95
57 60
5 31
28 33
17 33
38 92
49 92
7 86
61 66
58 79
50 75
8 69
31 34
61 84
39 47
27 82
2 7
11 83
12 48
19 96
83 99
31 61
16 18
53 67
1 29
35 40
34 72
1 47
65 68
38 51
38 60
68 73
76 86
57 82
38 78
49 87
79 88
58 65
19 46
42 57
8 64
20 29
39 60
52 79
52 88
44 93
72 84
1 42
24 44
64 89
22 83
86 95
15 53
38 64
15 71
26 80
38 82
7 85
42 52
8 59
19 59
20 24
8 68
60 69
60 87
13 21
16 17
10 95
34 71
3 65
22 87
9 14
67 95
57 72
27 49
48 99
20 28
19 63
60 73
21 100
44 74
1 14
74 93
22 55
25 88
56 66
45 66
14 60
45 75
14 69
3 78
15 43
78 90
14 96
79 82
48 76
27 53
48 94
60 68
41 64
52 64
33 60
4 33
2 72
25 83
2 81
10 94
37 57
45 70
15 29
5 6
15 38
67 76
55 83
38 49
7 43
8 17
7 61
19 35
21 63
12 14
29 94
52 59
10 53
21 99
73 100
4 28
33 73
10 80
44 82
2 76
37 43
55 78
36 74
78 89
55 87
28 70
70 85
17 79
47 92
28 88
28 97
71 77
9 93
6 96
52 72
33 68
25 64
3 36
51 85
22 58
16 82
70 71
78 84
55 91
48 61
19 25
21 53
6 73
33 63
74 89
37 42
3 40
13 81
66 96
36 55
28 51
28 69
47 82
8 11
5 76
29 43
28 87
50 84
6 59
21 57
2 34
33 49
32 53
20 97
35 67
16 63
43 98
55 72
46 100
38 96
51 87
9 69
61 88
21 52
6 63
21 61
10 24
54 58
54 67
33 44
20 74
73 89
39 96
3 21
14 30
23 97
1 78
76 81
76 90
57 86
47 63
9 46
47 72
28 68
61 65
58 87
40 51
61 83
80 96
2 15
10 28
62 75
39 73
25 35
32 34
20 87
43 52
51 65
13 48
4 79
1 55
13 66
1 91
47 58
58 64
6 26
50 87
10 14
39 77
12 60
11 95
23 69
72 83
51 60
87 90
35 61
13 61
17 31
46 76
88 91
57 85
15 79
68 94
49 90
6 30
7 84
77 81
7 93
10 18
11 72
94 97
31 68
4 51
32 42
56 79
24 56
46 53
36 39
17 35
15 65
38 76
18 70
6 16
68 98
19 71
12 32
30 89
31 63
1 22
53 69
43 46
32 46
72 100
22 81
64 96
38 44
56 92
65 70
37 97
67 98
49 71
19 39
49 89
27 52
79 90
8 39
12 27
60 85
20 49
12 45
31 58
12 54
1 17
41 99
10 93
53 73
2 98
53 82
14 72
15 46
56 96
86 97
9 21
7 51
55 100
30 34
71 72
79 85
27 47
11 39
19 52
48 97
60 62
12 22
20 35
44 90
16 19
53 68
37 51
64 86
5 9
15 41
78 88
57 65
55 95
49 61
27 42
18 73
8 47
29 88
6 86
41 53
20 30
40 88
31 39
60 84
53 54
33 85
44 85
53 63
53 72
25 90
37 55
67 74
7 41
59 79
15 54
47 86
59 88
18 59
70 97
36 95
11 29
11 38
30 51
6 81
60 61
4 8
52 75
1 2
44 89
2 92
35 98
15 40
89 96
18 54
36 90
48 55
17 86
11 15
81 97
4 21
74 76
10 82
93 98
43 88
35 84
32 97
14 70
16 89
55 80
40 46
8 23
28 90
48 68
29 73
25 30
21 78
73 79
33 43
81 92
52 56
21 87
33 61
22 24
2 55
20 100
10 77
22 51
66 85
13 79
14 56
