1 86
55 66
59 73
28 67
5 74
5 83
40 50
48 63
28 94
80 95
40 68
6 66
61 100
41 51
25 34
73 92
20 86
43 60
3 24
23 91
2 68
1 72
14 51
32 96
55 61
47 57
55 70
17 53
18 30
36 66
47 75
6 34
36 84
77 85
9 67
40 54
9 85
62 69
54 65
54 74
54 92
3 37
36 43
32 91
43 91
65 88
68 93
50 72
61 81
21 54
19 84
81 86
20 67
24 46
4 86
64 100
35 64
16 60
17 34
24 82
1 89
9 39
68 88
9 48
28 61
6 33
15 100
50 67
50 85
8 88
19 88
62 68
30 97
8 97
73 77
2 35
39 84
51 58
32 54
16 46
13 59
1 57
16 55
56 91
17 20
45 100
28 29
17 29
76 78
57 74
28 38
38 97
58 84
6 46
30 65
27 87
10 25
42 94
2 21
23 53
39 79
23 80
23 89
79 93
69 70
27 64
18 95
83 99
54 63
64 85
72 98
45 81
53 94
9 15
26 67
57 82
68 91
27 50
42 48
19 46
61 70
39 42
75 90
12 61
41 97
52 97
4 57
32 39
53 71
10 100
64 80
53 80
35 44
3 70
57 77
5 39
46 77
18 67
26 80
79 83
27 45
8 59
82 97
19 68
31 33
39 46
29 100
60 96
4 43
53 57
44 88
45 53
53 66
10 95
16 35
45 80
14 83
15 48
7 44
38 59
18 62
36 98
27 58
82 92
6 93
41 60
1 14
44 83
4 47
52 96
53 61
41 96
10 90
14 60
34 75
3 69
67 81
26 52
8 13
38 63
48 67
8 31
27 44
6 79
20 23
6 88
33 51
44 60
52 73
44 78
34 43
1 18
33 87
2 81
53 65
74 97
14 64
32 100
43 100
14 73
26 38
26 47
89 94
28 84
71 73
63 69
71 82
21 63
6 74
29 85
41 50
41 68
41 77
34 38
2 67
34 56
45 56
14 50
22 63
15 24
13 100
18 29
67 89
78 89
59 85
47 83
19 30
41 45
4 5
29 89
25 37
6 96
62 95
44 68
31 98
2 62
25 73
10 84
14 54
15 37
47 78
28 83
21 44
69 93
4 9
22 26
31 93
51 71
22 44
37 42
24 72
43 85
51 98
13 81
16 77
1 88
13 79
47 64
17 60
17 69
6 41
5 85
6 50
5 94
92 99
6 59
40 70
8 96
39 74
62 76
81 89
33 49
25 45
24 67
14 44
32 80
65 95
7 23
59 70
16 99
17 64
36 77
17 82
58 83
5 80
19 91
62 71
30 100
10 42
2 38
62 89
84 86
32 48
23 88
66 77
13 71
36 45
46 86
76 99
38 91
49 100
6 40
58 78
9 73
40 42
80 87
8 77
50 92
19 86
2 15
30 95
2 24
42 97
39 73
3 25
16 44
51 74
45 98
17 27
68 81
76 94
17 54
68 99
7 89
61 69
58 82
27 76
21 42
69 91
10 14
42 92
2 19
12 51
19 99
54 66
20 64
16 39
4 83
24 61
87 99
64 97
56 93
16 57
9 18
76 89
57 85
65 98
38 81
79 100
6 39
8 58
30 85
8 94
12 55
23 64
33 96
56 79
65 66
49 58
17 35
57 71
38 76
49 85
6 25
98 99
49 94
27 66
50 68
7 97
42 64
19 62
50 77
61 77
11 67
23 32
19 80
60 81
11 76
19 89
30 89
72 82
45 65
45 74
49 62
67 98
15 69
15 78
27 43
15 96
61 63
90 99
42 59
4 23
20 49
33 86
13 37
22 67
37 74
5 14
38 57
70 98
7 60
15 73
7 69
79 85
42 45
26 91
27 65
83 91
1 12
34 46
41 94
10 97
34 64
22 62
1 39
22 80
3 76
67 79
67 88
26 50
26 68
8 47
82 85
12 17
60 84
44 67
52 89
33 85
2 79
1 25
16 23
22 57
37 55
34 68
14 62
22 75
56 77
15 45
78 92
59 97
19 33
48 78
48 96
20 25
63 94
21 88
52 75
44 80
1 20
34 54
85 90
10 96
34 63
56 63
66 95
15 31
26 40
59 74
15 49
59 83
17 77
17 95
9 91
21 56
71 84
21 83
62 93
25 53
2 51
34 40
10 82
74 85
32 79
66 90
15 26
35 93
14 70
16 89
59 69
67 82
59 78
70 78
70 87
48 50
59 87
9 77
77 95
28 90
30 32
63 66
11 28
21 60
44 52
4 16
25 48
3 20
31 100
74 98
35 79
