16 84
26 30
55 66
18 26
36 62
7 26
16 93
26 39
17 58
55 84
17 67
9 63
55 93
29 41
29 59
9 90
40 68
29 68
21 73
2 41
10 54
4 87
13 65
24 74
43 87
14 51
35 92
17 53
47 66
28 62
36 75
6 34
58 81
48 58
10 22
19 98
42 100
31 72
25 47
22 23
3 19
22 32
13 51
3 28
74 79
14 37
32 82
36 43
28 39
13 87
5 46
9 44
57 93
6 47
58 85
6 65
2 13
20 67
73 82
3 5
20 85
35 55
64 100
1 62
65 74
1 80
65 83
55 60
57 79
16 87
38 93
50 58
69 71
21 31
61 85
27 83
2 8
30 88
42 90
62 68
3 9
24 41
23 85
24 50
34 91
24 68
5 27
1 84
9 34
9 43
9 52
49 88
49 97
61 62
61 71
6 46
39 61
83 95
11 88
39 79
51 53
23 80
34 95
17 24
1 70
68 69
14 98
28 42
65 91
49 92
79 93
18 86
42 53
58 70
2 7
27 91
2 16
13 22
53 67
13 40
43 53
64 94
53 94
46 55
14 84
56 99
86 100
5 26
46 64
9 24
38 60
28 37
49 69
79 88
90 97
71 93
48 100
19 64
19 73
31 38
12 34
66 85
13 17
52 97
1 24
1 33
72 84
24 44
22 92
57 68
59 96
18 58
49 82
15 80
7 85
82 88
27 63
7 94
27 72
31 33
6 98
60 78
20 51
4 34
41 83
23 47
22 60
34 62
64 84
37 76
56 89
67 86
5 25
70 91
36 98
19 27
7 62
15 75
63 79
63 88
6 93
23 42
60 91
33 74
52 96
2 77
64 70
10 99
46 58
15 52
36 93
18 57
8 40
79 91
6 88
41 55
60 68
6 97
37 57
78 85
7 43
59 90
8 17
28 84
59 99
11 22
82 91
12 14
60 63
52 68
41 68
4 28
10 80
74 83
37 43
34 56
22 63
32 95
35 91
3 68
67 71
47 74
15 51
18 47
19 21
8 30
40 62
21 67
29 89
62 86
54 91
25 55
10 66
33 68
3 27
37 47
24 86
18 24
7 33
36 69
18 33
5 90
5 99
29 75
6 82
62 81
39 88
51 62
31 93
10 70
34 37
66 69
43 85
14 49
13 90
47 55
28 51
18 28
16 95
47 73
29 34
40 43
40 52
29 52
21 48
69 97
58 97
40 70
27 100
62 85
20 79
31 97
3 26
66 73
24 67
35 67
3 44
4 98
14 44
7 14
55 63
65 95
47 68
57 100
77 87
29 47
21 52
10 15
50 97
10 24
62 71
2 29
73 80
10 42
20 74
23 70
31 92
43 57
12 88
35 71
24 89
1 87
6 22
47 72
38 100
6 40
9 73
69 87
6 58
27 90
20 60
2 24
25 35
32 52
20 96
5 34
38 77
38 86
46 99
26 93
50 78
27 76
39 50
30 81
27 94
91 97
62 70
39 68
30 99
60 100
32 38
1 41
24 43
72 92
64 88
45 84
1 59
16 57
38 72
50 55
42 51
50 64
39 45
20 41
27 89
2 5
23 46
54 61
20 59
23 73
12 73
84 89
43 51
12 82
1 63
37 93
9 22
38 67
98 99
15 92
42 55
19 62
10 13
2 9
39 58
12 41
2 18
23 50
52 86
31 63
75 97
44 91
34 65
16 29
22 81
1 58
38 44
49 53
5 28
14 95
5 37
18 65
49 80
27 43
7 83
82 86
90 99
50 63
7 92
42 59
20 22
71 95
8 66
39 44
63 100
20 40
31 40
11 71
41 72
94 96
44 77
33 77
23 63
41 99
56 60
37 65
46 52
56 96
46 61
38 57
89 93
18 51
38 75
15 82
60 62
21 98
1 12
34 55
1 30
34 64
86 92
5 18
37 87
15 50
36 91
19 20
26 68
7 64
7 82
71 85
90 98
8 56
48 92
6 86
63 99
33 58
60 93
4 40
44 94
45 59
2 88
7 32
86 96
8 24
11 20
19 33
8 33
11 38
30 51
63 85
40 83
21 88
23 30
10 78
74 90
51 88
66 86
3 48
37 50
3 57
15 22
18 36
67 87
67 96
17 77
36 99
40 69
41 43
29 87
41 52
12 16
52 61
81 97
33 57
52 70
1 6
74 76
32 79
35 84
66 99
96 100
35 93
18 22
70 87
28 81
5 88
6 53
17 99
81 92
62 88
2 46
2 55
74 98
22 33
74 80
34 44
66 76
3 47
51 96
35 79
